<<<<<<< HEAD
2 -22.069660 22.069660
2 -7.241854 7.241854
1 1.037071 -1.037071
2 -23.130222 23.130222
2 -39.990395 39.990395
2 -30.086252 30.086252
2 -56.245397 56.245397
2 -36.448530 36.448530
2 -21.853502 21.853502
2 -40.693665 40.693665
2 -21.232544 21.232544
2 -36.079639 36.079639
2 -20.329597 20.329597
2 -36.807487 36.807487
2 -36.461251 36.461251
2 -34.879209 34.879209
2 -18.864174 18.864174
2 -46.857377 46.857377
2 -16.533773 16.533773
2 -19.035770 19.035770
2 -50.726851 50.726851
2 -22.641602 22.641602
2 -10.704658 10.704658
2 -17.610569 17.610569
2 -34.175051 34.175051
2 -16.621952 16.621952
2 -36.723700 36.723700
2 -18.671993 18.671993
2 -35.181387 35.181387
2 -29.536407 29.536407
2 -21.685814 21.685814
1 8.360574 -8.360574
2 -23.791430 23.791430
2 -23.566422 23.566422
2 -21.572027 21.572027
2 -45.919161 45.919161
2 -39.377164 39.377164
2 -29.583928 29.583928
2 -45.671465 45.671465
2 -34.713575 34.713575
=======
1 55.757937 -55.757937
1 52.331378 -52.331378
1 48.017933 -48.017933
1 50.115392 -50.115392
1 47.859942 -47.859942
1 48.837251 -48.837251
1 45.567160 -45.567160
1 52.583389 -52.583389
1 51.530273 -51.530273
1 49.396026 -49.396026
1 49.446759 -49.446759
1 51.336725 -51.336725
1 47.005666 -47.005666
1 50.695028 -50.695028
1 47.508216 -47.508216
1 50.673455 -50.673455
1 47.357813 -47.357813
1 46.840944 -46.840944
1 50.521138 -50.521138
1 49.600291 -49.600291
1 52.127902 -52.127902
1 47.480681 -47.480681
1 49.153240 -49.153240
1 56.835557 -56.835557
1 47.367835 -47.367835
1 45.990182 -45.990182
1 50.241058 -50.241058
1 45.258095 -45.258095
1 52.152847 -52.152847
1 48.317781 -48.317781
1 46.119509 -46.119509
1 44.010312 -44.010312
1 48.712227 -48.712227
1 52.857997 -52.857997
1 48.298752 -48.298752
1 45.300279 -45.300279
1 50.098027 -50.098027
1 46.538913 -46.538913
1 50.012690 -50.012690
1 52.021979 -52.021979
>>>>>>> 66164972495c4821a36cb63e67b9f3aac1316455
